.Random.seed <-
c(403L, 11L, 1716488606L, 476386153L, 1601202075L, 1482239658L, 
-602347316L, 1355544975L, -2044613179L, 64123260L, -1833393710L, 
-1451295411L, -433684473L, -1351307282L, 676452040L, -965744181L, 
-1558315991L, -737097096L, -535160922L, 1988207041L, 1311176275L, 
530324738L, -617239500L, -1555182153L, 1100177837L, -1656216892L, 
-684280086L, 629594453L, 1142140655L, -1444442890L, -2123088864L, 
-362643997L, 1146609281L, 1494997232L, 108910478L, 1910089977L, 
1343566475L, -691268934L, -523510340L, 317589247L, 1787382357L, 
1518071148L, 731440578L, -666466787L, -838386025L, -1824638978L, 
-936246344L, 1834327963L, -1361721863L, -1059207864L, 1863078006L, 
-1779049039L, 513082339L, -980139854L, -1811387132L, 1641754183L, 
-2067195619L, 713136020L, -2107483334L, 742156165L, 2089833567L, 
-505569562L, 99738992L, -1631793517L, -1339394255L, -1408913952L, 
801626750L, 1692682505L, 1902652219L, 1826775818L, 933636844L, 
-1927862417L, 1573390501L, 1973019228L, 460018226L, -583001811L, 
-182329369L, -1355569394L, -1186219800L, -2083763477L, -1653521527L, 
-1935991016L, -2111913402L, 1503486625L, -2116434637L, -391316318L, 
-1727958124L, 1270213143L, 1108602381L, 924879652L, -361490678L, 
-18597259L, -265901617L, -1203817770L, 1073403520L, -1803921213L, 
2104825441L, 259534544L, 402782254L, 995331545L, -1050840597L, 
1476555866L, 662801948L, -1315602657L, -225832075L, 890067468L, 
-1612522526L, -646305603L, 253744951L, 1644077022L, -461910760L, 
1249190011L, 416232985L, 707911336L, -456217514L, -19945263L, 
728077443L, 775517970L, -1789406556L, -629301657L, -810537027L, 
1529839924L, 206742170L, -575332123L, 1066230399L, 760515590L, 
-1542406256L, 219521587L, -1675920943L, -105567360L, -64551330L, 
-1802052183L, 2142948443L, 1473606762L, -1620816628L, -1809887409L, 
329976837L, -206794052L, -221428846L, -746487667L, -1218521401L, 
-1108574290L, 980896264L, 1424764427L, -725391639L, 1758339512L, 
-1527767450L, 2081012481L, -999715437L, -144972222L, -1124386316L, 
2059723767L, -21440531L, 1751011460L, -219158870L, -1243104235L, 
1935494319L, 1096647350L, 971686112L, 1204251683L, 1120514881L, 
-738533840L, -1051313074L, -1050880839L, -669495093L, 1314815354L, 
-523526020L, -1178221377L, -988917355L, 1943861676L, -1312281726L, 
1549816157L, 1277726807L, 1776985918L, 642166648L, 359449691L, 
178377657L, -314576376L, -1958741834L, 1753391089L, -920196573L, 
717832818L, 1977710788L, 1524395655L, -1169545635L, -1066203052L, 
392059514L, -1289993787L, 1251480351L, 1154735782L, -1660825552L, 
921883347L, 874186993L, -1560218592L, 599724734L, -242198839L, 
-90540933L, 1135241802L, -260665684L, 743786927L, -955096731L, 
-698028260L, 1894454130L, -1943236627L, -891510745L, 983226446L, 
-1018291032L, 1009619627L, 389576649L, 494382040L, 1040300678L, 
1937750881L, 599703283L, -2053848734L, 1507991508L, -1061811497L, 
-430837555L, -61306780L, 325396042L, 1751307189L, 356617999L, 
1572768790L, -508537152L, 1361023107L, 187501729L, 1231381136L, 
-712056466L, -1713447143L, -2057301077L, 88635404L, -1554024356L, 
415229138L, -1890695168L, -541009068L, -1952759320L, -1484163078L, 
-78629168L, -1326176980L, 1869818100L, -453482606L, 866851936L, 
872127756L, 1201456864L, -1953563294L, 990618280L, -940156340L, 
-376416388L, 1058286386L, -1630626192L, -1816322748L, 229489624L, 
532541562L, 516498992L, -442479940L, -696252588L, 471677506L, 
621407136L, -1692260164L, 2046599632L, 1321100642L, -678718488L, 
1617926092L, -2097948932L, 19795954L, 1137507456L, -828311308L, 
-903924600L, 1771169082L, -1469103280L, 979446892L, 1555849364L, 
-1848690350L, 1768865504L, -1973120820L, -1407592288L, -1990174334L, 
940505320L, 1064507628L, 969644092L, 1113530482L, 1772169328L, 
-896179676L, -1267064264L, -68572646L, -1698393904L, -12044740L, 
-88322924L, 9213058L, 1635485632L, 1552461116L, 1352842896L, 
-1781902302L, 1817841672L, 744438924L, -1309556708L, 407446674L, 
-653996928L, 104711188L, 132604712L, 1252529210L, -627528496L, 
492123244L, 364910260L, -1906319342L, 2071379936L, -1180693556L, 
2101329376L, -1815901150L, 1022711080L, -1623566068L, -1914122692L, 
-2110241550L, 558430448L, -565954748L, -914624424L, 2101576250L, 
-617330448L, -2032196932L, 1265027604L, -1063736126L, 1380922976L, 
1925285244L, 1655760080L, 1487025186L, -1976153944L, 1279663500L, 
-343596612L, -900626382L, -1159212224L, 962010804L, 256872776L, 
-1035914566L, -382370032L, -358317844L, 393623636L, 1142048530L, 
-492478048L, -98408500L, -597221536L, 1503243458L, -534032856L, 
-1253643860L, 1549837116L, 778134386L, -1967976656L, -1145405404L, 
1892597304L, -1950772518L, -1242114160L, 236451068L, 703778196L, 
1383269186L, -725825024L, -744978372L, -829865392L, -41828190L, 
494519112L, -85181940L, 1925126876L, 1194340434L, -587428736L, 
-488421548L, 638992360L, 336507642L, 600819536L, -638524372L, 
589875572L, -1092669806L, 199352928L, 771174540L, -545631904L, 
-1649436446L, -486642520L, -1549379892L, -1351362052L, -2136405070L, 
894387184L, -990248508L, -2100806312L, -1507823238L, -1474498128L, 
-1479857732L, 1895628372L, 45390274L, -170507488L, 698430396L, 
-985247664L, 390028258L, 64618344L, -1634150580L, 1039609596L, 
-515946766L, -1041203968L, -1412236172L, 701394440L, -13261382L, 
-1958500912L, -73898004L, -1477170284L, 1003481298L, -853715872L, 
2032045388L, -1176472800L, 476064386L, 2013319656L, -1526375444L, 
-753906116L, -460929422L, -468358288L, 1326288164L, -1379296712L, 
-738000486L, 907759056L, 86754748L, 1258753684L, 1242854018L, 
-282636864L, -663529668L, -1687706992L, 296527650L, 1305527816L, 
1514267404L, 1032287132L, -520668142L, -465859712L, -1970337004L, 
-569404120L, -875847622L, 368899024L, 977361516L, 739585076L, 
-1751732078L, -1538262688L, -1652114100L, -572320288L, 672791458L, 
-1978205272L, 1977674892L, -525507652L, 1402033266L, 1934895088L, 
1610519620L, 977053784L, -97079238L, 1487054960L, 772206140L, 
-1277040876L, 1991477954L, -1672400160L, -1688755076L, -1378104112L, 
310641570L, -515178968L, -745950964L, 58996668L, -1433829070L, 
-1856642730L, -707985612L, -119741883L, -427463025L, 704268296L, 
-1309877210L, 2082149587L, -1109002699L, 851479954L, 466538848L, 
1720813769L, 1308404731L, -220673076L, 1013622362L, 896052047L, 
2045796889L, 871211054L, -194269636L, -508410963L, -1091539881L, 
2087668128L, 582415102L, -503070261L, 854583245L, 1749601018L, 
-602394312L, -402220319L, 94301587L, 140055988L, 862496450L, 
-733919529L, -995334367L, -1437524250L, -1616857116L, -1058257131L, 
579919679L, 535829208L, -1208254730L, -1030792957L, -279328187L, 
-1210103198L, 1788365264L, 311883513L, 526304299L, 1186300828L, 
-1673782326L, 754660543L, 444683785L, -1045766370L, 1161602764L, 
-1001912675L, 1958548263L, 1785216336L, -491650066L, 1798433947L, 
-1242429699L, 214109674L, -1093460344L, -1612183503L, 1849037475L, 
-2103854428L, 1962126162L, 67740327L, 267288305L, -984674762L, 
-178990380L, -1381128603L, -253987729L, -1544925528L, 150678534L, 
-1954670285L, -314522219L, -625718798L, 2015831616L, 667273129L, 
1426156059L, 1097311212L, 220513274L, 1666084911L, 763551801L, 
1076638286L, -1634561380L, 2002827277L, 2097407095L, 1381184640L, 
-252861730L, -161623637L, -770061651L, 884641562L, 1698664408L, 
843340865L, 1926728435L, -205763308L, 1733990562L, -534514249L, 
-1926411903L, -2053722234L, -1670267452L, 1142054133L, -445958817L, 
-1308788808L, 1896102550L, 1031365795L, -560849307L, 31247234L, 
193276144L, -902147943L, -161699701L, 658674044L, -974876758L, 
-303157281L, -132866711L, 274276734L, 462549356L, -1730860611L, 
-945513849L, 646323824L, 41903374L, 1769302587L, -1444851427L, 
-1608014902L, 766565608L, -566427695L, -1577537085L, 1467169476L, 
-159024782L, 526869575L, 1973315601L, 326381974L, 169010420L, 
-379842939L, -667408433L, 1117046472L, 1468555110L, -363952749L, 
1214297845L, 353384146L, 421200160L, 589312265L, 912504379L, 
-2130793588L, -9197030L, 1637530255L, -1484102183L, 1903798894L, 
-1715734020L, 1044388717L, 830661911L, 1828573408L, -242317634L, 
